SIZES
  narena                14680064
  nbuffer               455040
  nplugin               0
  maxuse_stack          3088
  maxuse_arena          6968
  maxuse_con            0
  maxuse_efc            10
  solver_nisland        1
  ne                    0
  nf                    10
  nl                    0
  nefc                  10
  nnzJ                  100
  ncon                  0
  nisland               0
  threadpool            0

TIMER
    0:  duration =  0.052      number = 1
    1:  duration =  0.05       number = 1
    2:  duration =  0          number = 0
    3:  duration =  0.032      number = 1
    4:  duration =  0.0023     number = 1
    5:  duration =  0.00069    number = 1
    6:  duration =  0.0068     number = 1
    7:  duration =  0.00063    number = 1
    8:  duration =  0.0084     number = 1
    9:  duration =  0.0011     number = 1
    10:  duration =  0.017      number = 1
    11:  duration =  0.0044     number = 1
    12:  duration =  0.00013    number = 1
    13:  duration =  0.0042     number = 1
    14:  duration =  0.0013     number = 1

SOLVER STAT
  solver_nisland = 1
  solver_fwdinv =   0         0       
  ISLAND 0
    solver_niter = 1
    solver_nnz = 100
      0:  improvement =  1.2         gradient =  2.5e-15     lineslope =  0       
          nactive = 10   nchange = 0   neval = 2   nupdate = 0

ENERGY =   0         0       

TIME =  15      

QPOS
   0.0023  
   0.087   
  -0.0039  
   0.03    
   0.015   
   0.027   
  -0.038   
  -0.056   
   0.081   
  -0.04    

QVEL
   0.016   
  -0.092   
  -0.5     
   2.9     
  -3.8     
   0.17    
   0.38    
   0.38    
   1.8     
   0.95    

QACC_WARMSTART
   83      
   54      
  -5.4e+02 
   1.5e+03 
  -6.8e+02 
  -1.6e+02 
  -81      
   3e+02   
  -1e+03   
   98      

CTRL
  -0.24    
   19      
  -30      
   30      
  -7.4     
  -5.6     
  -30      
  -8.4     
  -30      
   0.25    

QFRC_APPLIED
   0       
   0       
   0       
   0       
   0       
   0       
   0       
   0       
   0       
   0       

XFRC_APPLIED
   0         0         0         0         0         0       
   0         0         0         0         0         0       
   0         0         0         0         0         0       
   0         0         0         0         0         0       
   0         0         0         0         0         0       
   0         0         0         0         0         0       
   0         0         0         0         0         0       
   0         0         0         0         0         0       
   0         0         0         0         0         0       
   0         0         0         0         0         0       
   0         0         0         0         0         0       
   0         0         0         0         0         0       

QACC
   83      
   54      
  -5.4e+02 
   1.5e+03 
  -6.8e+02 
  -1.6e+02 
  -81      
   3e+02   
  -1e+03   
   98      

SENSOR
   0.0023  
   0.087   
  -0.0034  
   0.027   
   0.019   
   0.027   
  -0.039   
  -0.057   
   0.079   
  -0.041   
  -0.066   
  -0.15    
   0.041   
   1.4     
  -3.1     
   0.33    
   0.47    
   0.082   
   2.8     
   0.86    
  -0.24    
   19      
  -30      
   30      
  -7.4     
  -5.6     
  -30      
  -8.4     
  -30      
   0.25    
   1       
   0       
   0       
   0       
   0       
   0       
   0.97    
   0       
   0       
   0       
   0       
   0       
   0       
   0       
   0       
   9.8     
   0       
  -0.5     
   0       

XPOS
   0         0         0       
   0         0         0.97    
   0         0.1       0.97    
   0         0.1       0.97    
   0         0.1       0.97    
   0.061     0.13      0.68    
  -0.064     0.14      0.46    
   0        -0.1       0.97    
   0        -0.1       0.97    
   0        -0.1       0.97    
   0.076    -0.11      0.68    
  -0.048    -0.12      0.46    

XQUAT
   1         0         0         0       
   1         0         0         0       
   1         0         0         0.0012  
   1         0.043     5e-05     0.0012  
   0.99      0.043    -0.1      -0.0032  
   0.97      0.042     0.26      0.012   
   1         0.043     0.021     0.0021  
   1         0         0         0.014   
   1        -0.019    -0.00026   0.014   
   0.99     -0.017    -0.13      0.016   
   0.97     -0.022     0.26      0.0081  
   1        -0.019    -0.0094    0.014   

XMAT
   1         0         0         0         1         0         0         0         1       
   1         0         0         0         1         0         0         0         1       
   1        -0.0023    0         0.0023    1         0         0         0         1       
   1        -0.0023    0.0002    0.0023    1        -0.086     0         0.086     1       
   0.98     -0.0023   -0.2      -0.015     1        -0.085     0.2       0.086     0.98    
   0.87     -0.0023    0.5       0.045     1        -0.074    -0.5       0.086     0.86    
   1        -0.0023    0.043     0.006     1        -0.086    -0.043     0.086     1       
   1        -0.027     0         0.027     1         0         0         0         1       
   1        -0.027    -0.001     0.027     1         0.039     0        -0.039     1       
   0.97     -0.027    -0.25      0.036     1         0.03      0.25     -0.039     0.97    
   0.87     -0.027     0.5       0.0042    1         0.047    -0.5      -0.039     0.87    
   1        -0.027    -0.019     0.028     1         0.038     0.018    -0.039     1       

XIPOS
   0         0         0       
   0.00011   1.8e-05   1.1     
  -0.095     0.1       0.98    
  -0.0042    0.06      0.97    
   0.0032    0.12      0.96    
   0.01      0.13      0.59    
  -0.045     0.15      0.43    
  -0.095    -0.1       0.98    
  -0.0054   -0.06      0.97    
   0.0044   -0.12      0.96    
   0.027    -0.11      0.59    
  -0.027    -0.12      0.44    

XIMAT
   1         0         0         0         1         0         0         0         1       
   0        -1         0.001     0        -0.001    -1         1         0         0       
   0.76     -0.0023   -0.65      0.0017    1        -0.0015    0.65      0         0.76    
  -0.2       0.0002    0.98      0.98     -0.086     0.2       0.085     1         0.017   
  -0.018    -0.98     -0.2       0.99      0.017    -0.16      0.16     -0.2       0.97    
   0.85      0.0052    0.52      0.042     1        -0.078    -0.52      0.088     0.85    
   0.12      0.0023    0.99     -0.086    -1         0.013     0.99     -0.087    -0.12    
   0.76     -0.027    -0.65      0.02      1        -0.018     0.65      0         0.76    
   0.18     -0.001     0.98      0.98      0.039    -0.18     -0.038     1         0.0078  
  -0.0055   -0.97     -0.25      0.99     -0.035     0.11     -0.12     -0.25      0.96    
   0.85     -0.02      0.52     -0.0027    1         0.042    -0.52     -0.037     0.85    
   0.063     0.027     1         0.04     -1         0.025     1         0.038    -0.064   

XANCHOR
   0         0.1       0.97    
   0         0.1       0.97    
   0         0.1       0.97    
   0.061     0.13      0.68    
  -0.064     0.14      0.46    
   0        -0.1       0.97    
   0        -0.1       0.97    
   0        -0.1       0.97    
   0.076    -0.11      0.68    
  -0.048    -0.12      0.46    

XAXIS
   0         0         1       
   1         0.0023    0       
  -0.0023    1         0.086   
  -0.0023    1         0.086   
  -0.0023    1         0.086   
   0         0         1       
   1         0.027     0       
  -0.027     1        -0.039   
  -0.027     1        -0.039   
  -0.027     1        -0.039   

GEOM_XPOS
   0         0         0       
   0.00017   0.00031   1.1     
   0.00017   0.00031   1.1     
  -0.084     0.1       0.99    
  -0.084     0.1       0.99    
  -0.012     0.063     0.97    
  -0.012     0.063     0.97    
   0.0072    0.12      0.93    
   0.0072    0.12      0.93    
   0.0043    0.13      0.58    
   0.0043    0.13      0.58    
  -0.065     0.14      0.46    
  -0.065     0.14      0.46    
  -0.03      0.15      0.42    
  -0.03      0.15      0.42    
  -0.084    -0.1       0.99    
  -0.084    -0.1       0.99    
  -0.013    -0.063     0.97    
  -0.013    -0.063     0.97    
   0.011    -0.11      0.93    
   0.011    -0.11      0.93    
   0.02     -0.11      0.58    
   0.02     -0.11      0.58    
  -0.048    -0.12      0.46    
  -0.048    -0.12      0.46    
  -0.011    -0.12      0.42    
  -0.011    -0.12      0.42    

GEOM_XMAT
   1         0         0         0         1         0         0         0         1       
   0.024    -1         0.0054    0.001    -0.0054   -1         1         0.024     0.00087 
   0.024    -1         0.0054    0.001    -0.0054   -1         1         0.024     0.00087 
  -0.59     -0.081     0.8       0.14     -0.99      0.0054    0.79      0.12      0.6     
  -0.59     -0.081     0.8       0.14     -0.99      0.0054    0.79      0.12      0.6     
   0.37      8.9e-06   0.93      0.92     -0.12     -0.36      0.11      0.99     -0.043   
   0.37      8.9e-06   0.93      0.92     -0.12     -0.36      0.11      0.99     -0.043   
   0.024    -0.98     -0.21      1         0.032    -0.032     0.038    -0.21      0.98    
   0.024    -0.98     -0.21      1         0.032    -0.032     0.038    -0.21      0.98    
   0.88      0.014     0.48      0.026     1        -0.076    -0.48      0.079     0.87    
   0.88      0.014     0.48      0.026     1        -0.076    -0.48      0.079     0.87    
   0.04     -0.0056    1        -0.088    -1        -0.0021    1        -0.088    -0.04    
   0.04     -0.0056    1        -0.088    -1        -0.0021    1        -0.088    -0.04    
   0.048     0.0023    1        -0.086    -1         0.0065    1        -0.087    -0.048   
   0.048     0.0023    1        -0.086    -1         0.0065    1        -0.087    -0.048   
  -0.59     -0.099     0.8       0.2      -0.98      0.026     0.78      0.18      0.6     
  -0.59     -0.099     0.8       0.2      -0.98      0.026     0.78      0.18      0.6     
  -0.39     -0.0062    0.92      0.92      0.015     0.39     -0.017     1        -0.00038 
  -0.39     -0.0062    0.92      0.92      0.015     0.39     -0.017     1        -0.00038 
  -0.025    -0.97     -0.25      1        -0.02     -0.022     0.016    -0.25      0.97    
  -0.025    -0.97     -0.25      1        -0.02     -0.022     0.016    -0.25      0.97    
   0.88     -0.015     0.48     -0.014     1         0.055    -0.48     -0.055     0.87    
   0.88     -0.015     0.48     -0.014     1         0.055    -0.48     -0.055     0.87    
  -0.016     0.019     1         0.04     -1         0.02      1         0.04      0.016   
  -0.016     0.019     1         0.04     -1         0.02      1         0.04      0.016   
  -0.014     0.027     1         0.038    -1         0.028     1         0.039     0.013   
  -0.014     0.027     1         0.038    -1         0.028     1         0.039     0.013   

SITE_XPOS
   0         0         0.97    

SITE_XMAT
   1         0         0         0         1         0         0         0         1       

LIGHT_XPOS
   1         0         3.5     

LIGHT_XDIR
   0         0        -1       

SUBTREE_COM
  -0.012     0.0024    0.89    
  -0.012     0.0024    0.89    
  -0.017     0.11      0.84    
  -0.0014    0.11      0.81    
  -8.9e-05   0.13      0.74    
  -0.0031    0.14      0.55    
  -0.045     0.15      0.43    
  -0.012    -0.1       0.84    
   0.0046   -0.099     0.81    
   0.0092   -0.12      0.74    
   0.014    -0.12      0.55    
  -0.027    -0.12      0.44    

CDOF
   0         0         1         0.098    -0.012     0       
   1         0.0023    0        -0.00019   0.081    -0.098   
  -0.0023    1         0.086    -0.072    -0.0012    0.012   
  -0.0023    1         0.086     0.22     -0.0057    0.072   
  -0.0023    1         0.086     0.44      0.0056   -0.052   
   0         0         1        -0.1      -0.012     0       
   1         0.027     0        -0.0022    0.081     0.1     
  -0.027     1        -0.039    -0.077    -0.0017    0.0088  
  -0.027     1        -0.039     0.21      0.0091    0.085   
  -0.027     1        -0.039     0.43      0.01     -0.04    

CINERT
   0         0         0         0         0         0         0         0         0         0       
   0.13      0.11      0.023     0.00011  -0.0068    0.0014    0.036    -0.0074    0.58      3.1     
   0.019     0.017     0.018     0.0083    0.008    -0.0087   -0.085     0.099     0.089     1       
   0.016     0.012     0.0073   -0.00092  -0.00091  -0.007     0.012     0.091     0.12      1.6     
   0.037     0.015     0.025    -0.0031   -0.00056  -0.012     0.024     0.19      0.11      1.6     
   0.15      0.13      0.027    -0.0037    0.0065    0.055     0.03      0.18     -0.42      1.4     
   0.1       0.092     0.011     0.0021   -0.0067    0.029    -0.015     0.063    -0.2       0.44    
   0.021     0.017     0.02     -0.0089    0.008     0.0094   -0.085    -0.11      0.089     1       
   0.018     0.013     0.0082    0.00082  -0.00078   0.0078    0.0097   -0.098     0.13      1.6     
   0.038     0.015     0.027     0.0034   -0.00041   0.013     0.026    -0.2       0.11      1.6     
   0.15      0.13      0.023     0.006     0.013    -0.048     0.053    -0.16     -0.41      1.4     
   0.097     0.091     0.0079   -0.00088  -0.0031   -0.025    -0.007    -0.054    -0.2       0.44    

ACTUATOR_LENGTH
   0.0023  
   0.087   
  -0.0034  
   0.027   
   0.019   
   0.027   
  -0.039   
  -0.057   
   0.079   
  -0.041   

ACTUATOR_MOMENT
   1         0         0         0         0         0         0         0         0         0       
   0         1         0         0         0         0         0         0         0         0       
   0         0         1         0         0         0         0         0         0         0       
   0         0         0         1         0         0         0         0         0         0       
   0         0         0         0         1         0         0         0         0         0       
   0         0         0         0         0         1         0         0         0         0       
   0         0         0         0         0         0         1         0         0         0       
   0         0         0         0         0         0         0         1         0         0       
   0         0         0         0         0         0         0         0         1         0       
   0         0         0         0         0         0         0         0         0         1       

CRB
   0         0         0         0         0         0         0         0         0         0       
   0.78      0.65      0.2       0.0032    0.016     0.014    -6.9e-18  -1.1e-16   2.1e-15   15      
   0.33      0.27      0.088     0.0027    0.0064    0.056    -0.033     0.63     -0.29      6.1     
   0.31      0.25      0.07     -0.0056   -0.0016    0.065     0.051     0.53     -0.38      5       
   0.29      0.24      0.063    -0.0047   -0.00072   0.072     0.04      0.44     -0.51      3.5     
   0.25      0.23      0.037    -0.0016   -0.00015   0.084     0.015     0.24     -0.62      1.8     
   0.1       0.092     0.011     0.0021   -0.0067    0.029    -0.015     0.063    -0.2       0.44    
   0.32      0.27      0.086     0.0004    0.017    -0.043    -0.0029   -0.62     -0.29      6.1     
   0.3       0.25      0.066     0.0093    0.0089   -0.052     0.082    -0.51     -0.38      5       
   0.28      0.24      0.058     0.0085    0.0096   -0.06      0.072    -0.42     -0.5       3.5     
   0.24      0.22      0.031     0.0051    0.01     -0.073     0.046    -0.21     -0.61      1.8     
   0.097     0.091     0.0079   -0.00088  -0.0031   -0.025    -0.007    -0.054    -0.2       0.44    

QM
   0.035    -0.0066    0.031     0.0099    0.00061   0         0         0         0         0       
  -0.0066    0.36     -0.00019   2.2e-05   9.4e-09   0         0         0         0         0       
   0.031    -0.00019   0.36      0.11      0.007     0         0         0         0         0       
   0.0099    2.2e-05   0.11      0.063     0.003     0         0         0         0         0       
   0.00061   9.4e-09   0.007     0.003     0.011     0         0         0         0         0       
   0         0         0         0         0         0.033     0.006    -0.014    -0.0043   -0.00026 
   0         0         0         0         0         0.006     0.35      0.00026   2.2e-05   1e-08   
   0         0         0         0         0        -0.014     0.00026   0.35      0.11      0.0068  
   0         0         0         0         0        -0.0043    2.2e-05   0.11      0.063     0.0028  
   0         0         0         0         0        -0.00026   1e-08     0.0068    0.0028    0.011   

QLD
   0.032    -0.018     0.087     0.16      0.053     0         0         0         0         0       
  -0.018     0.36     -0.0015    0.00035   8.2e-07   0         0         0         0         0       
   0.087    -0.0015    0.15      1.8       0.61      0         0         0         0         0       
   0.16      0.00035   1.8       0.063     0.26      0         0         0         0         0       
   0.053     8.2e-07   0.61      0.26      0.011     0         0         0         0         0       
   0         0         0         0         0         0.032     0.017    -0.042    -0.067    -0.023   
   0         0         0         0         0         0.017     0.35      0.0014    0.00036   8.9e-07 
   0         0         0         0         0        -0.042     0.0014    0.15      1.8       0.59    
   0         0         0         0         0        -0.067     0.00036   1.8       0.062     0.24    
   0         0         0         0         0        -0.023     8.9e-07   0.59      0.24      0.011   

QLDIAGINV
   31      
   2.8     
   6.6     
   16      
   87      
   31      
   2.8     
   6.5     
   16      
   87      

QLDIAGSQRTINV
   5.6     
   1.7     
   2.6     
   4       
   9.3     
   5.6     
   1.7     
   2.5     
   4       
   9.3     

B_rownnz              10 10 5 5 5 5 5 5 5 5 5 5

B_rowadr              0 10 20 25 30 35 40 45 50 55 60 65

B_colind              0 1 2 3 4 5 6 7 8 9 0 1 2 3 4 5 6 7 8 9 0 1 2 3 4 0 1 2 3 4 0 1 2 3 4 0 1 2 3 4 0 1 2 3 4 5 6 7 8 9 5 6 7 8 9 5 6 7 8 9 5 6 7 8 9 5 6 7 8 9

C_rownnz              5 5 5 5 5 5 5 5 5 5

C_rowadr              0 5 10 15 20 25 30 35 40 45

C_colind              0 1 2 3 4 0 1 2 3 4 0 1 2 3 4 0 1 2 3 4 0 1 2 3 4 5 6 7 8 9 5 6 7 8 9 5 6 7 8 9 5 6 7 8 9 5 6 7 8 9

mapM2C                0 2 5 9 14 2 1 4 8 13 5 4 3 7 12 9 8 7 6 11 14 13 12 11 10 15 17 20 24 29 17 16 19 23 28 20 19 18 22 27 24 23 22 21 26 29 28 27 26 25

D_rownnz              5 5 5 5 5 5 5 5 5 5

D_rowadr              0 5 10 15 20 25 30 35 40 45

D_colind              0 1 2 3 4 0 1 2 3 4 0 1 2 3 4 0 1 2 3 4 0 1 2 3 4 5 6 7 8 9 5 6 7 8 9 5 6 7 8 9 5 6 7 8 9 5 6 7 8 9

mapM2D                0 2 5 9 14 2 1 4 8 13 5 4 3 7 12 9 8 7 6 11 14 13 12 11 10 15 17 20 24 29 17 16 19 23 28 20 19 18 22 27 24 23 22 21 26 29 28 27 26 25

mapD2M                0 6 5 12 11 10 18 17 16 15 24 23 22 21 20 25 31 30 37 36 35 43 42 41 40 49 48 47 46 45

QDERIV
   0         0         0         0         0         0         0         0         0         0       
   0         0         0         0         0         0         0         0         0         0       
   0         0         0         0         0         0         0         0         0         0       
   0         0         0         0         0         0         0         0         0         0       
   0         0         0         0         0         0         0         0         0         0       
   0         0         0         0         0         0         0         0         0         0       
   0         0         0         0         0         0         0         0         0         0       
   0         0         0         0         0         0         0         0         0         0       
   0         0         0         0         0         0         0         0         0         0       
   0         0         0         0         0         0         0         0         0         0       

QLU
   0         0         0         0         0         0         0         0         0         0       
   0         0         0         0         0         0         0         0         0         0       
   0         0         0         0         0         0         0         0         0         0       
   0         0         0         0         0         0         0         0         0         0       
   0         0         0         0         0         0         0         0         0         0       
   0         0         0         0         0         0         0         0         0         0       
   0         0         0         0         0         0         0         0         0         0       
   0         0         0         0         0         0         0         0         0         0       
   0         0         0         0         0         0         0         0         0         0       
   0         0         0         0         0         0         0         0         0         0       

CONTACT
EFC_TYPE
  1
  1
  1
  1
  1
  1
  1
  1
  1
  1

EFC_ID
  0
  1
  2
  3
  4
  5
  6
  7
  8
  9

EFC_J
   1         0         0         0         0         0         0         0         0         0       
   0         1         0         0         0         0         0         0         0         0       
   0         0         1         0         0         0         0         0         0         0       
   0         0         0         1         0         0         0         0         0         0       
   0         0         0         0         1         0         0         0         0         0       
   0         0         0         0         0         1         0         0         0         0       
   0         0         0         0         0         0         1         0         0         0       
   0         0         0         0         0         0         0         1         0         0       
   0         0         0         0         0         0         0         0         1         0       
   0         0         0         0         0         0         0         0         0         1       

EFC_POS
   0       
   0       
   0       
   0       
   0       
   0       
   0       
   0       
   0       
   0       

EFC_MARGIN
   0       
   0       
   0       
   0       
   0       
   0       
   0       
   0       
   0       
   0       

EFC_FRICTIONLOSS
   0.1     
   0.1     
   0.1     
   0.1     
   0.1     
   0.1     
   0.1     
   0.1     
   0.1     
   0.1     

EFC_DIAGAPPROX
   32      
   2.8     
   6.7     
   38      
   88      
   32      
   2.8     
   6.7     
   38      
   88      

EFC_KBIP
   0         1.1e+02   0.9       0       
   0         1.1e+02   0.9       0       
   0         1.1e+02   0.9       0       
   0         1.1e+02   0.9       0       
   0         1.1e+02   0.9       0       
   0         1.1e+02   0.9       0       
   0         1.1e+02   0.9       0       
   0         1.1e+02   0.9       0       
   0         1.1e+02   0.9       0       
   0         1.1e+02   0.9       0       

EFC_D
   0.29    
   3.2     
   1.3     
   0.23    
   0.1     
   0.29    
   3.2     
   1.3     
   0.23    
   0.1     

EFC_R
   3.5     
   0.31    
   0.75    
   4.3     
   9.8     
   3.5     
   0.31    
   0.75    
   4.3     
   9.8     

ACTUATOR_VELOCITY
  -0.066   
  -0.15    
   0.041   
   1.4     
  -3.1     
   0.33    
   0.47    
   0.082   
   2.8     
   0.86    

CVEL
   0         0         0         0         0         0       
   0         0         0         0         0         0       
   0         0        -0.066    -0.0065    0.00076   0       
  -0.15     -0.00034  -0.066    -0.0064   -0.011     0.014   
  -0.15      0.041    -0.063    -0.0094   -0.011     0.015   
  -0.15      1.5       0.062     0.31     -0.019     0.12    
  -0.14     -1.6      -0.2      -1        -0.037     0.28    
   0         0         0.33     -0.034    -0.0038    0       
   0.47      0.013     0.33     -0.035     0.034     0.048   
   0.46      0.094     0.33     -0.041     0.034     0.049   
   0.39      2.9       0.22      0.57      0.059     0.29    
   0.36      3.8       0.18      0.93      0.068     0.26    

CDOF_DOT
   0         0         0         0         0         0       
   0.00015  -0.066     0         0.0053    1.2e-05  -0.00078 
   0.066     0.013    -0.15     -0.015     0.007    -0.0063  
   0.066     0.013    -0.15     -0.013    -0.0026   -0.018   
   0.066     0.013    -0.15     -0.2      -0.0077   -0.34    
   0         0         0         0         0         0       
  -0.0089    0.33      0        -0.027    -0.00072   0.0029  
  -0.33      0.0091    0.47     -0.048    -0.032    -0.034   
  -0.33      0.0091    0.47     -0.045     0.027    -0.056   
  -0.33      0.0091    0.47     -0.41      0.12     -0.69    

QFRC_BIAS
  -0.011   
   0.41    
  -0.096   
   1.1     
  -0.089   
   0.023   
  -0.34    
  -0.6     
   1.2     
  -0.12    

QFRC_SPRING
   0       
   0       
   0       
   0       
   0       
   0       
   0       
   0       
   0       
   0       

QFRC_DAMPER
   6.6e-05 
   0.00015 
  -4.1e-05 
  -0.0014  
   0.0031  
  -0.00033 
  -0.00047 
  -8.2e-05 
  -0.0028  
  -0.00086 

QFRC_GRAVCOMP
   0       
   0       
   0       
   0       
   0       
   0       
   0       
   0       
   0       
   0       

QFRC_FLUID
   0       
   0       
   0       
   0       
   0       
   0       
   0       
   0       
   0       
   0       

QFRC_PASSIVE
   6.6e-05 
   0.00015 
  -4.1e-05 
  -0.0014  
   0.0031  
  -0.00033 
  -0.00047 
  -8.2e-05 
  -0.0028  
  -0.00086 

EFC_VEL
  -0.066   
  -0.15    
   0.041   
   1.4     
  -3.1     
   0.33    
   0.47    
   0.082   
   2.8     
   0.86    

EFC_AREF
   7       
   15      
  -4.3     
  -1.5e+02 
   3.2e+02 
  -35      
  -49      
  -8.6     
  -3e+02   
  -90      

SUBTREE_LINVEL
   0         0         0       
   0         0         0       
   0         0         0       
   0         0         0       
   0         0         0       
   0         0         0       
   0         0         0       
   0         0         0       
   0         0         0       
   0         0         0       
   0         0         0       
   0         0         0       

SUBTREE_ANGMOM
   0         0         0       
   0         0         0       
   0         0         0       
   0         0         0       
   0         0         0       
   0         0         0       
   0         0         0       
   0         0         0       
   0         0         0       
   0         0         0       
   0         0         0       
   0         0         0       

ACTUATOR_FORCE
  -0.24    
   19      
  -30      
   30      
  -7.4     
  -5.6     
  -30      
  -8.4     
  -30      
   0.25    

QFRC_ACTUATOR
  -0.24    
   19      
  -30      
   30      
  -7.4     
  -5.6     
  -30      
  -8.4     
  -30      
   0.25    

QFRC_SMOOTH
  -0.23    
   19      
  -30      
   29      
  -7.3     
  -5.6     
  -30      
  -7.8     
  -31      
   0.37    

QACC_SMOOTH
   86      
   54      
  -5.4e+02 
   1.5e+03 
  -6.9e+02 
  -1.6e+02 
  -82      
   3e+02   
  -1e+03   
   1.1e+02 

EFC_B
   79      
   39      
  -5.4e+02 
   1.6e+03 
  -1e+03   
  -1.3e+02 
  -33      
   3.1e+02 
  -7.4e+02 
   2e+02   

EFC_FORCE
  -0.1     
  -0.1     
   0.1     
  -0.1     
   0.1     
   0.1     
   0.1     
  -0.1     
   0.1     
  -0.1     

EFC_STATE
  3
  3
  2
  3
  2
  2
  2
  3
  2
  3

QFRC_CONSTRAINT
  -0.1     
  -0.1     
   0.1     
  -0.1     
   0.1     
   0.1     
   0.1     
  -0.1     
   0.1     
  -0.1     

QFRC_INVERSE
   0       
   0       
   0       
   0       
   0       
   0       
   0       
   0       
   0       
   0       

CACC
   0         0         0        -0        -0         9.8     
   0         0         0         0         0         9.8     
   0         0         83        8.1      -0.95      9.8     
   54        0.13      83        8         3.4       4.5     
   55       -5.4e+02   36        47        4.1      -1.8     
   52        9.1e+02   1.6e+02   3.7e+02  -4.3       1e+02   
   53        2.3e+02   1e+02     73       -8.1       1.4e+02 
   0         0        -1.6e+02   16        1.8       9.8     
  -81       -2.1      -1.6e+02   16       -4.7       1.4     
  -90        2.9e+02  -1.7e+02  -6.3      -5.3       4       
  -62       -7.4e+02  -1.3e+02  -2.3e+02  -15       -84      
  -65       -6.4e+02  -1.3e+02  -1.9e+02  -13       -88      

CFRC_INT
   23       -28       -14        1.1e+02  -38        2e+02   
   23       -28       -14        1.1e+02  -38        2e+02   
   40       -18       -10        98        20        2.4e+02 
   39       -19       -11        98        27        2.3e+02 
   38       -19       -11        93        28        2.1e+02 
   35       -16       -9.4       82        26        1.9e+02 
   12        12        3        -21        5.6       68      
  -17       -9.9      -3.8       8        -58       -67      
  -15       -11       -2.2       8.4      -73       -77      
  -14       -11       -2.6      -1.7      -74       -87      
  -11       -13       -0.31      11       -71       -1e+02   
  -3.4      -19        5         39       -18       -39      

CFRC_EXT
   0         0         0         0         0         0       
   0         0         0         0         0         0       
   0         0         0         0         0         0       
   0         0         0         0         0         0       
   0         0         0         0         0         0       
   0         0         0         0         0         0       
   0         0         0         0         0         0       
   0         0         0         0         0         0       
   0         0         0         0         0         0       
   0         0         0         0         0         0       
   0         0         0         0         0         0       
   0         0         0         0         0         0       

