-1.916786655783653259e-03 -2.280059037730097771e-03 5.312914028763771057e-03 -2.726644277572631836e-03 1.004463247954845428e-02 -8.967643225332722068e-05 1.763001666404306889e-03 5.667468532919883728e-03 3.210074035450816154e-03 4.459113406483083963e-04
-7.037171162664890289e-04 -1.990582793951034546e-03 4.484085366129875183e-03 -7.998750661499798298e-04 8.276956155896186829e-03 2.893624769058078527e-04 8.659136481583118439e-03 -2.666977047920227051e-02 5.332396551966667175e-02 -3.700968623161315918e-02
1.194690936245024204e-03 8.076801896095275879e-04 2.642884850502014160e-03 8.780751377344131470e-04 4.099436104297637939e-03 8.077337988652288914e-04 1.745901815593242645e-02 -7.344105839729309082e-02 1.284560412168502808e-01 -9.131103754043579102e-02
4.005662631243467331e-03 5.344857927411794662e-03 -4.737385082989931107e-03 4.536561202257871628e-03 -1.120002195239067078e-02 -5.968458481220295653e-06 1.617498695850372314e-02 -1.244375929236412048e-01 2.122615575790405273e-01 -1.478676646947860718e-01
1.657927408814430237e-03 1.568613923154771328e-03 -8.108370937407016754e-03 3.315391717478632927e-03 -1.139602810144424438e-02 -1.820696401409804821e-03 1.728595583699643612e-03 -1.273402422666549683e-01 2.543948590755462646e-01 -1.595963239669799805e-01
-3.117026353720575571e-04 -4.202169831842184067e-03 -3.048641374334692955e-03 4.563679452985525131e-03 -4.211222287267446518e-03 -2.831973135471343994e-03 -1.498183235526084900e-02 -1.207165643572807312e-01 2.801655828952789307e-01 -1.565918177366256714e-01
-3.145768714603036642e-04 -1.116373855620622635e-02 2.852794481441378593e-03 5.692036356776952744e-03 3.160725580528378487e-03 -1.526341307908296585e-03 -1.767477393150329590e-02 -1.277488619089126587e-01 3.045050799846649170e-01 -1.603035181760787964e-01
8.484565769322216511e-04 -7.780321408063173294e-03 9.031851775944232941e-03 7.183644920587539673e-03 4.929814022034406662e-03 1.033923240356671158e-06 -4.753492306917905807e-03 -1.555356830358505249e-01 3.281196653842926025e-01 -1.758721470832824707e-01
7.964153774082660675e-04 -5.911731277592480183e-04 1.176994643174111843e-03 4.991754889488220215e-03 -1.776786870323121548e-03 5.741789937019348145e-04 8.924079127609729767e-03 -1.779625415802001953e-01 3.434265851974487305e-01 -1.856587380170822144e-01
-1.195924356579780579e-03 8.811173029243946075e-03 -6.916037295013666153e-03 2.630246104672551155e-03 -5.238399375230073929e-03 4.303873574826866388e-04 1.284977048635482788e-02 -1.797748953104019165e-01 3.479644358158111572e-01 -1.816580444574356079e-01
-1.782773062586784363e-03 1.105973869562149048e-02 -1.037365943193435669e-02 2.034264849498867989e-03 -5.098082125186920166e-03 3.331234620418399572e-04 7.264981511980295181e-03 -1.618480533361434937e-01 3.431425094604492188e-01 -1.661921441555023193e-01
-1.719044055789709091e-03 4.751952365040779114e-03 -3.208284499123692513e-03 4.592618905007839203e-03 -3.177789039909839630e-04 3.031053638551384211e-04 -6.071440875530242920e-04 -1.442238837480545044e-01 3.282169997692108154e-01 -1.498387455940246582e-01
-3.211260773241519928e-04 -3.613419132307171822e-03 3.967436496168375015e-03 8.494785986840724945e-03 1.048252102918922901e-03 2.044389693764969707e-04 -4.562663380056619644e-03 -1.367500871419906616e-01 3.013831675052642822e-01 -1.340952664613723755e-01
2.010109164984896779e-04 -7.535660639405250549e-03 5.654986482113599777e-03 8.957932703197002411e-03 -2.973931841552257538e-04 3.228202986065298319e-04 -5.836714059114456177e-03 -1.338885277509689331e-01 2.669179141521453857e-01 -1.177385523915290833e-01
-2.560174616519361734e-04 -3.468482522293925285e-03 5.269444664008915424e-04 6.339521612972021103e-03 -3.084458410739898682e-03 8.823489770293235779e-05 -3.200105624273419380e-03 -1.189573034644126892e-01 2.289742231369018555e-01 -9.633069485425949097e-02
-1.114441663958132267e-03 4.266799893230199814e-03 -5.133876111358404160e-03 3.513508709147572517e-03 -3.754204139113426208e-03 -4.185643047094345093e-04 1.372507773339748383e-03 -9.020271152257919312e-02 1.877271533012390137e-01 -6.977736949920654297e-02
-1.434179604984819889e-03 9.002433158457279205e-03 -6.324206013232469559e-03 3.154199570417404175e-03 -1.916007022373378277e-03 -7.586479187011718750e-04 5.293651949614286423e-03 -5.895615741610527039e-02 1.409878283739089966e-01 -4.184886440634727478e-02
-1.100573805160820484e-03 6.713984999805688858e-03 -3.881662152707576752e-03 4.629984498023986816e-03 1.524320541648194194e-04 -5.644473130814731121e-04 5.285833030939102173e-03 -3.636397048830986023e-02 8.807721734046936035e-02 -1.557184290140867233e-02
-9.778826497495174408e-04 1.213283612742088735e-04 -3.154947655275464058e-03 5.583987105637788773e-03 -4.685923049692064524e-04 6.632747681578621268e-05 1.107067451812326908e-03 -2.074447646737098694e-02 3.279167041182518005e-02 8.495933376252651215e-03
-1.318220398388803005e-03 -4.737967159599065781e-03 -1.237976551055908203e-02 1.474097371101379395e-02 -1.150062400847673416e-02 7.007650565356016159e-04 -3.841806203126907349e-03 -9.319432079792022705e-03 -9.878532029688358307e-03 2.436623536050319672e-02
-1.554638030938804150e-03 -3.675988642498850822e-03 -3.969685360789299011e-02 5.554838851094245911e-02 -4.495899751782417297e-02 1.140890293754637241e-03 -6.235537584871053696e-03 -5.412663798779249191e-03 -1.993145793676376343e-02 2.072566188871860504e-02
-1.069867168553173542e-03 1.764370128512382507e-03 -7.344485074281692505e-02 1.196390017867088318e-01 -8.935371786355972290e-02 9.313535410910844803e-04 -4.045982379466295242e-03 -6.679628044366836548e-03 -5.177463870495557785e-03 4.033496137708425522e-03
-2.460690739098936319e-04 6.494443863630294800e-03 -1.006219312548637390e-01 1.886438876390457153e-01 -1.280231326818466187e-01 3.758154343813657761e-04 4.560376110021024942e-04 -7.509694900363683701e-03 1.296825986355543137e-02 -1.099381130188703537e-02
1.499238424003124237e-04 6.517246365547180176e-03 -1.112051382660865784e-01 2.345438450574874878e-01 -1.436507552862167358e-01 -2.762471849564462900e-04 4.270573612302541733e-03 -9.666320984251797199e-04 1.289695221930742264e-02 -9.504624642431735992e-03
9.025788313010707498e-05 2.294678473845124245e-03 -1.193329319357872009e-01 2.680464386940002441e-01 -1.498395353555679321e-01 -3.333349304739385843e-04 4.274433944374322891e-03 5.135597195476293564e-03 5.026075989007949829e-03 -1.307570957578718662e-03
-8.972361683845520020e-06 -2.086690859869122505e-03 -1.342133432626724243e-01 2.964633703231811523e-01 -1.580150723457336426e-01 1.187357920571230352e-04 9.329498861916363239e-04 5.045416299253702164e-03 6.717716460116207600e-04 2.891943557187914848e-03
-4.313249883125536144e-05 -3.007858293130993843e-03 -1.545725613832473755e-01 3.216234147548675537e-01 -1.708741337060928345e-01 6.989556713961064816e-04 -2.920568687841296196e-03 -8.184823091141879559e-04 2.085001440718770027e-03 -1.641893759369850159e-04
-2.107320615323260427e-04 -3.377000393811613321e-04 -1.700008511543273926e-01 3.389927446842193604e-01 -1.808071285486221313e-01 8.177415002137422562e-04 -4.524507094174623489e-03 -5.471371114253997803e-03 4.123453050851821899e-03 -4.738986957818269730e-03
-4.622469132300466299e-04 2.682407386600971222e-03 -1.738220453262329102e-01 3.483139276504516602e-01 -1.823747903108596802e-01 3.755874931812286377e-04 -3.166139824315905571e-03 -4.503874108195304871e-03 4.606030881404876709e-03 -6.232494954019784927e-03
-5.150705692358314991e-04 3.356267698109149933e-03 -1.674897670745849609e-01 3.501412868499755859e-01 -1.758926957845687866e-01 -1.612758933333680034e-04 -5.366529148886911571e-05 5.149251664988696575e-04 4.565551877021789551e-03 -4.534403327852487564e-03
-4.591449687723070383e-04 1.287201070226728916e-03 -1.580547541379928589e-01 3.435496389865875244e-01 -1.650885194540023804e-01 -2.734564768616110086e-04 2.692925510928034782e-03 3.901821328327059746e-03 4.600035492330789566e-03 -2.511544385924935341e-03
-4.403533821459859610e-04 -1.104942522943019867e-03 -1.503299474716186523e-01 3.267314732074737549e-01 -1.524319350719451904e-01 -1.544241422379855067e-05 3.024122910574078560e-03 2.558863954618573189e-03 4.283274058252573013e-03 -2.050510840490460396e-03
-6.270261364988982677e-04 -1.727169961668550968e-03 -1.430834978818893433e-01 3.005385100841522217e-01 -1.378518790006637573e-01 1.307769416598603129e-04 3.354338405188173056e-04 -1.318257302045822144e-03 3.893819870427250862e-03 -2.729798434302210808e-03
-7.046287064440548420e-04 1.521160243100894149e-06 -1.309640258550643921e-01 2.681608498096466064e-01 -1.198292374610900879e-01 -1.321608870057389140e-04 -3.603773890063166618e-03 -3.112876089289784431e-03 4.290850367397069931e-03 -3.338678972795605659e-03
-5.421413225121796131e-04 2.266210503876209259e-03 -1.110092774033546448e-01 2.315433472394943237e-01 -9.746924787759780884e-02 -5.951404455117881298e-04 -5.731629673391580582e-03 -1.265847473405301571e-03 5.472344812005758286e-03 -3.126085968688130379e-03
-1.574582420289516449e-04 3.048679558560252190e-03 -8.560036867856979370e-02 1.899753063917160034e-01 -7.143163681030273438e-02 -8.765994571149349213e-04 -4.474254790693521500e-03 1.570674940012395382e-03 6.467208266258239746e-03 -2.575637074187397957e-03
1.340559683740139008e-04 1.582417986355721951e-03 -6.009660288691520691e-02 1.417505145072937012e-01 -4.357895255088806152e-02 -8.373817545361816883e-04 -1.073808991350233555e-03 2.081096172332763672e-03 6.415961775928735733e-03 -2.274550264701247215e-03
2.107952459482476115e-04 -1.043752767145633698e-03 -3.782927989959716797e-02 8.752357959747314453e-02 -1.596023701131343842e-02 -6.041059386916458607e-04 2.174245892092585564e-03 -7.254704833030700684e-04 5.136409308761358261e-03 -2.540655434131622314e-03
1.459646318835439160e-05 -2.536775311455130577e-03 -1.863056235015392303e-02 3.132793307304382324e-02 9.491567499935626984e-03 -2.618014405015856028e-04 3.129935590550303459e-03 -5.944145377725362778e-03 3.881120355799794197e-03 -4.021322820335626602e-03
-3.394898958504199982e-04 -1.553127891384065151e-03 -5.326624959707260132e-03 -1.192665752023458481e-02 2.467825077474117279e-02 1.530897134216502309e-04 1.079446286894381046e-03 -1.686788350343704224e-02 1.296245958656072617e-02 -1.362832263112068176e-02
-3.956570290029048920e-04 1.437024562619626522e-03 -3.332496387884020805e-03 -2.241388149559497833e-02 1.867083832621574402e-02 3.098615852650254965e-04 -3.472432261332869530e-03 -4.162926226854324341e-02 5.532106757164001465e-02 -4.496478661894798279e-02
-3.203569503966718912e-04 3.669295459985733032e-03 -6.773517932742834091e-03 -8.055816404521465302e-03 6.703200633637607098e-04 5.318938292475650087e-06 -6.099127233028411865e-03 -7.168830186128616333e-02 1.213615760207176208e-01 -8.776845782995223999e-02
-2.154253161279484630e-04 3.044908633455634117e-03 -7.390666753053665161e-03 1.088376063853502274e-02 -1.329263020306825638e-02 -4.813599807675927877e-04 -4.109523724764585495e-03 -9.674213081598281860e-02 1.905127167701721191e-01 -1.258721351623535156e-01
-3.344050201121717691e-04 2.138875424861907959e-05 1.222581340698525310e-04 1.252122223377227783e-02 -9.479431435465812683e-03 -6.232783198356628418e-04 1.184131368063390255e-03 -1.080530360341072083e-01 2.349017858505249023e-01 -1.420127302408218384e-01
-3.340938128530979156e-04 -2.628177404403686523e-03 6.130147725343704224e-03 6.494805216789245605e-03 -4.969537258148193359e-05 -2.912393247243016958e-04 4.482358228415250778e-03 -1.187174096703529358e-01 2.656616866588592529e-01 -1.493933945894241333e-01
-2.268462703796103597e-04 -2.779424889013171196e-03 5.004059057682752609e-03 2.378870965912938118e-03 3.918947651982307434e-03 1.942437811521813273e-04 2.915215445682406425e-03 -1.362478286027908325e-01 2.932350933551788330e-01 -1.590801030397415161e-01
-2.949332410935312510e-04 -5.626876954920589924e-04 -1.135331927798688412e-03 2.719308482483029366e-03 4.727500490844249725e-04 6.020320579409599304e-04 -1.238798722624778748e-03 -1.572542190551757812e-01 3.193769454956054688e-01 -1.725487262010574341e-01
-6.039097788743674755e-04 1.820489764213562012e-03 -5.836869124323129654e-03 3.623421071097254753e-03 -3.784767119213938713e-03 6.914900732226669788e-04 -4.078269004821777344e-03 -1.706516742706298828e-01 3.380292356014251709e-01 -1.814208179712295532e-01
-8.878737571649253368e-04 2.629571594297885895e-03 -5.437495652586221695e-03 4.053246229887008667e-03 -4.396602511405944824e-03 4.302762972656637430e-04 -3.223532112315297127e-03 -1.714694947004318237e-01 3.471523821353912354e-01 -1.810626387596130371e-01
-9.271649760194122791e-04 1.596266753040254116e-03 -1.457352191209793091e-03 4.995426163077354431e-03 -2.155268331989645958e-03 8.993968367576599121e-05 3.589379193726927042e-04 -1.642709821462631226e-01 3.476225435733795166e-01 -1.733318567276000977e-01
-8.152712252922356129e-04 -6.134621798992156982e-05 1.649025827646255493e-03 6.559467408806085587e-03 -5.548638291656970978e-04 1.111508681788109243e-04 3.636094974353909492e-03 -1.574952751398086548e-01 3.396967351436614990e-01 -1.629094332456588745e-01
-7.074967143125832081e-04 -6.684968248009681702e-04 1.202299376018345356e-03 7.183095440268516541e-03 -1.200645696371793747e-03 4.468910919968038797e-04 4.194333683699369431e-03 -1.534817367792129517e-01 3.227917253971099854e-01 -1.513182371854782104e-01
-7.314525428228080273e-04 2.663380873855203390e-04 -1.592185697518289089e-03 6.284721195697784424e-03 -2.875658450648188591e-03 5.836235359311103821e-04 1.990725519135594368e-03 -1.471972316503524780e-01 2.978429198265075684e-01 -1.367186605930328369e-01
-8.186222985386848450e-04 2.151547698304057121e-03 -3.375408006832003593e-03 5.148862954229116440e-03 -3.410341218113899231e-03 2.653469855431467295e-04 -8.311935816891491413e-04 -1.328760534524917603e-01 2.668476998805999756e-01 -1.175208091735839844e-01
-8.710494148544967175e-04 3.442627144977450371e-03 -2.492264611646533012e-03 5.175173282623291016e-03 -2.241073641926050186e-03 -2.557160332798957825e-04 -1.900670467875897884e-03 -1.107240393757820129e-01 2.305658310651779175e-01 -9.427217394113540649e-02
-8.257483132183551788e-04 3.274735994637012482e-03 -3.728522278834134340e-04 6.222069263458251953e-03 -6.117952871136367321e-04 -5.702474154531955719e-04 -9.009813074953854084e-04 -8.588119596242904663e-02 1.883910298347473145e-01 -6.902408599853515625e-02
-7.680171984247863293e-04 1.894461340270936489e-03 1.443505316274240613e-04 6.698749959468841553e-03 -5.612475797533988953e-05 -6.003961898386478424e-04 5.610647494904696941e-04 -6.279087066650390625e-02 1.402123719453811646e-01 -4.319688677787780762e-02
-8.418921497650444508e-04 3.013117238879203796e-04 -2.301698783412575722e-03 5.516242235898971558e-03 -8.286582306027412415e-04 -4.177067021373659372e-04 1.023295684717595577e-03 -4.168206453323364258e-02 8.724620938301086426e-02 -1.707075349986553192e-02
-1.242433092556893826e-03 -1.626104785827919841e-04 -7.009291555732488632e-03 3.528706030920147896e-03 -2.611419884487986565e-03 7.809295311744790524e-06 7.204891298897564411e-04 -2.111051790416240692e-02 3.291109204292297363e-02 8.578072302043437958e-03
-1.706070848740637302e-03 8.073945646174252033e-04 -1.686955057084560394e-02 1.227669138461351395e-02 -1.236097794026136398e-02 6.448661442846059799e-04 6.186055834405124187e-04 -5.732646677643060684e-03 -9.091950021684169769e-03 2.547963522374629974e-02
-1.664070296101272106e-03 2.326945075765252113e-03 -4.041469097137451172e-02 5.516050383448600769e-02 -4.397049918770790100e-02 1.329694292508065701e-03 -8.302927017211914062e-05 -3.820215119048953056e-03 -1.994770951569080353e-02 2.150067128241062164e-02
-9.910116204991936684e-04 3.103429218754172325e-03 -7.066269963979721069e-02 1.212186813354492188e-01 -8.794019371271133423e-02 1.251239911653101444e-03 -1.261898665688931942e-03 -9.118393994867801666e-03 -6.291903555393218994e-03 3.865550504997372627e-03
-2.156853006454184651e-04 2.563555026426911354e-03 -9.774615615606307983e-02 1.903521269559860229e-01 -1.277003288269042969e-01 5.131517536938190460e-04 -2.322259591892361641e-03 -1.053622830659151077e-02 1.179072167724370956e-02 -1.147841382771730423e-02
3.378093242645263672e-05 1.440644846297800541e-03 -1.110651865601539612e-01 2.348985671997070312e-01 -1.445090919733047485e-01 -4.574181511998176575e-04 -1.405811519362032413e-03 -4.797962901648133993e-04 1.314200181514024734e-02 -9.606504812836647034e-03
2.890188807214144617e-05 4.709415661636739969e-04 -1.212621927261352539e-01 2.672305405139923096e-01 -1.507759243249893188e-01 -5.999898421578109264e-04 5.795371835120022297e-04 8.299089036881923676e-03 6.398484110832214355e-03 -9.578149765729904175e-04
1.067314296960830688e-04 3.893692046403884888e-04 -1.357811838388442993e-01 2.955558300018310547e-01 -1.580954343080520630e-01 5.486390364239923656e-05 1.839066506363451481e-03 6.779805291444063187e-03 1.504773856140673161e-03 3.265548497438430786e-03
1.463104708818718791e-04 9.786324808374047279e-04 -1.543753594160079956e-01 3.213802278041839600e-01 -1.702285259962081909e-01 8.501287666149437428e-04 1.038751914165914059e-03 -2.675192430615425110e-03 1.450542360544204712e-03 -2.529908379074186087e-04
-1.584240235388278961e-04 1.541213714517652988e-03 -1.688356399536132812e-01 3.393856585025787354e-01 -1.802573055028915405e-01 9.700559894554316998e-04 -1.239322707988321781e-03 -8.543199859559535980e-03 2.893328666687011719e-03 -5.212174728512763977e-03
-6.074924021959304810e-04 1.213923445902764797e-03 -1.731217503547668457e-01 3.488390147686004639e-01 -1.824394464492797852e-01 3.567926178220659494e-04 -3.003914607688784599e-03 -5.095593165606260300e-03 4.219176713377237320e-03 -6.574493367224931717e-03
-7.141979294829070568e-04 3.637624904513359070e-04 -1.676763892173767090e-01 3.503608703613281250e-01 -1.763487905263900757e-01 -3.191831929143518209e-04 -2.475999994203448296e-03 2.949937479570508003e-03 5.332975182682275772e-03 -4.399990197271108627e-03
-5.176124977879226208e-04 -3.838253614958375692e-04 -1.585259735584259033e-01 3.433609902858734131e-01 -1.654122918844223022e-01 -4.005225782748311758e-04 5.133698505233041942e-05 6.340798456221818924e-03 5.509668495506048203e-03 -2.100275130942463875e-03
-3.466947528067976236e-04 -2.330131828784942627e-04 -1.505758911371231079e-01 3.263638913631439209e-01 -1.524155735969543457e-01 4.108063876628875732e-06 2.025197027251124382e-03 2.287545474246144295e-03 4.307124763727188110e-03 -1.844113692641258240e-03
-5.125488969497382641e-04 5.070781335234642029e-04 -1.431198120117187500e-01 3.002961874008178711e-01 -1.376801580190658569e-01 2.499530091881752014e-04 1.184399588964879513e-03 -3.694811137393116951e-03 3.123537870123982430e-03 -2.904631197452545166e-03
-6.963987834751605988e-04 1.433998928405344486e-03 -1.309871822595596313e-01 2.681762874126434326e-01 -1.197406724095344543e-01 -4.441228884388692677e-05 -1.890814513899385929e-03 -4.781432449817657471e-03 3.670956939458847046e-03 -3.661364549770951271e-03
-6.262662936933338642e-04 1.815694733522832394e-03 -1.109547391533851624e-01 2.317482084035873413e-01 -9.747784584760665894e-02 -6.128743407316505909e-04 -4.327620845288038254e-03 -6.116324220784008503e-04 5.638493690639734268e-03 -3.268971107900142670e-03
-2.311578282387927175e-04 1.479412429034709930e-03 -8.532024174928665161e-02 1.902054697275161743e-01 -7.142958790063858032e-02 -9.560943581163883209e-04 -4.091477021574974060e-03 3.414034144952893257e-03 7.101414259523153305e-03 -2.441445132717490196e-03
1.474306918680667877e-04 4.409390094224363565e-04 -5.972805991768836975e-02 1.418868452310562134e-01 -4.354059696197509766e-02 -8.825352415442466736e-04 -1.785768778063356876e-03 2.972976537421345711e-03 6.752628833055496216e-03 -2.016738289967179298e-03
2.847495488822460175e-04 -9.424661402590572834e-04 -3.775594756007194519e-02 8.748694509267807007e-02 -1.594918780028820038e-02 -5.724225193262100220e-04 9.177296306006610394e-04 -1.468457281589508057e-03 4.866945091634988785e-03 -2.379339188337326050e-03
7.015684241196140647e-05 -1.587317674420773983e-03 -1.901175081729888916e-02 3.114677779376506805e-02 9.439157322049140930e-03 -1.900161878438666463e-04 2.251077443361282349e-03 -7.200844585895538330e-03 3.397595137357711792e-03 -4.053161013871431351e-03
-3.630062565207481384e-04 -6.730053573846817017e-04 -5.868267267942428589e-03 -1.209431979805231094e-02 2.461201883852481842e-02 2.101277932524681091e-04 1.286246464587748051e-03 -1.726758666336536407e-02 1.279437076300382614e-02 -1.377366110682487488e-02
-4.650234768632799387e-04 1.592634827829897404e-03 -3.481302410364151001e-03 -2.242586761713027954e-02 1.869289763271808624e-02 3.311815671622753143e-04 -2.300748601555824280e-03 -4.101837798953056335e-02 5.555424466729164124e-02 -4.504741355776786804e-02
-3.667937999125570059e-04 3.161331871524453163e-03 -6.358557846397161484e-03 -7.865346968173980713e-03 7.740259170532226562e-04 -1.532801775283587631e-06 -4.971138667315244675e-03 -7.090932875871658325e-02 1.216537132859230042e-01 -8.772159367799758911e-02
-1.924644893733784556e-04 2.377757569774985313e-03 -6.788501981645822525e-03 1.109276711940765381e-02 -1.319438219070434570e-02 -5.102280410937964916e-04 -4.002054687589406967e-03 -9.656295925378799438e-02 1.905688047409057617e-01 -1.257719546556472778e-01
-2.851920726243406534e-04 -2.547983604017645121e-04 3.103390336036682129e-04 1.255670841783285141e-02 -9.492213837802410126e-03 -6.663591484539210796e-04 2.438065857859328389e-04 -1.084296107292175293e-01 2.347428053617477417e-01 -1.419602185487747192e-01
-3.094688581768423319e-04 -2.382746199145913124e-03 5.739748012274503708e-03 6.312163546681404114e-03 -1.587967126397415996e-04 -3.193002194166183472e-04 3.427166491746902466e-03 -1.190954372286796570e-01 2.655175626277923584e-01 -1.494105607271194458e-01
-2.409499138593673706e-04 -2.293009543791413307e-03 4.450736101716756821e-03 2.145623089745640755e-03 3.826905740424990654e-03 2.064953296212479472e-04 2.644515829160809517e-03 -1.362791508436203003e-01 2.932356894016265869e-01 -1.591234207153320312e-01
-3.143364156130701303e-04 -2.690730616450309753e-04 -1.316842739470303059e-03 2.665090141817927361e-03 4.712782392743974924e-04 6.367418100126087666e-04 -6.779289687983691692e-04 -1.570657342672348022e-01 3.194732367992401123e-01 -1.725895255804061890e-01
-6.153942085802555084e-04 1.706408918835222721e-03 -5.518458783626556396e-03 3.772839205339550972e-03 -3.704981878399848938e-03 7.087206467986106873e-04 -3.362987190485000610e-03 -1.705261915922164917e-01 3.381006717681884766e-01 -1.814387291669845581e-01
-8.929382893256843090e-04 2.252984559163451195e-03 -4.974402487277984619e-03 4.231681581586599350e-03 -4.328671377152204514e-03 4.114812763873487711e-04 -3.006444545462727547e-03 -1.714893132448196411e-01 3.471524715423583984e-01 -1.810522079467773438e-01
-9.275928023271262646e-04 1.308569335378706455e-03 -1.284657977521419525e-03 5.021065473556518555e-03 -2.164404140785336494e-03 5.957189205219037831e-05 3.873680907418020070e-05 -1.643180996179580688e-01 3.475899398326873779e-01 -1.733074188232421875e-01
-8.049214375205338001e-04 -2.669201603566762060e-05 1.430944190360605717e-03 6.428945343941450119e-03 -6.247782148420810699e-04 9.873602539300918579e-05 3.233497962355613708e-03 -1.574931293725967407e-01 3.396785259246826172e-01 -1.628907769918441772e-01
-6.945606437511742115e-04 -3.853455709759145975e-04 8.565706084482371807e-04 7.042337674647569656e-03 -1.255456241779029369e-03 4.588270967360585928e-04 4.085564520210027695e-03 -1.534849256277084351e-01 3.227907419204711914e-01 -1.513208299875259399e-01
-7.327490602619946003e-04 5.247046356089413166e-04 -1.745932619087398052e-03 6.258916575461626053e-03 -2.865298883989453316e-03 6.020471337251365185e-04 2.149624051526188850e-03 -1.472613066434860229e-01 2.978376150131225586e-01 -1.367353051900863647e-01
-8.361968211829662323e-04 2.166246995329856873e-03 -3.248906927183270454e-03 5.229843314737081528e-03 -3.356529399752616882e-03 2.737846225500106812e-04 -6.586015224456787109e-04 -1.329420059919357300e-01 2.668417394161224365e-01 -1.175330057740211487e-01
-8.847480639815330505e-04 3.233996219933032990e-03 -2.250700956210494041e-03 5.264276172965764999e-03 -2.203355077654123306e-03 -2.596019767224788666e-04 -1.851386041380465031e-03 -1.106949821114540100e-01 2.305777221918106079e-01 -9.426754713058471680e-02
-8.210507221519947052e-04 3.050522645935416222e-03 -2.300146006746217608e-04 6.245484109967947006e-03 -6.176871247589588165e-04 -5.771947908215224743e-04 -9.089298546314239502e-04 -8.576681464910507202e-02 1.884187608957290649e-01 -6.900837272405624390e-02
-7.522618398070335388e-04 1.844862126745283604e-03 1.073616658686660230e-04 6.658224854618310928e-03 -8.212309330701828003e-05 -6.019598804414272308e-04 5.924229626543819904e-04 -6.271383911371231079e-02 1.402264386415481567e-01 -4.318265989422798157e-02
-8.330689743161201477e-04 4.391207767184823751e-04 -2.444316400215029716e-03 5.458564963191747665e-03 -8.376638288609683514e-04 -4.114814510103315115e-04 1.067807897925376892e-03 -4.173467680811882019e-02 8.722851425409317017e-02 -1.706823147833347321e-02
-1.245978288352489471e-03 1.510791480541229248e-05 -7.128839846700429916e-03 3.496645716950297356e-03 -2.600180683657526970e-03 1.559810152684804052e-05 6.844668532721698284e-04 -2.123696357011795044e-02 3.287677094340324402e-02 8.571091108024120331e-03
-1.713848090730607510e-03 8.662492036819458008e-04 -1.688800193369388580e-02 1.229048892855644226e-02 -1.235565636307001114e-02 6.476733833551406860e-04 4.924547974951565266e-04 -5.796294659376144409e-03 -9.105175733566284180e-03 2.546827681362628937e-02
-1.668294775299727917e-03 2.232196507975459099e-03 -4.033889248967170715e-02 5.520241335034370422e-02 -4.398093000054359436e-02 1.326272613368928432e-03 -1.826907246140763164e-04 -3.756533609703183174e-03 -1.992486044764518738e-02 2.149596810340881348e-02
-9.900600416585803032e-04 2.959818346425890923e-03 -7.056073844432830811e-02 1.212527751922607422e-01 -8.794996887445449829e-02 1.246451982297003269e-03 -1.229717046953737736e-03 -9.006358683109283447e-03 -6.255254615098237991e-03 3.870346350595355034e-03
-2.124481834471225739e-04 2.502122893929481506e-03 -9.769904613494873047e-02 1.903508156538009644e-01 -1.276933401823043823e-01 5.107089527882635593e-04 -2.192992018535733223e-03 -1.049745827913284302e-02 1.180395111441612244e-02 -1.147000491619110107e-02
3.640974682639352977e-05 1.503256498835980892e-03 -1.111085489392280579e-01 2.348701953887939453e-01 -1.444995999336242676e-01 -4.574772901833057404e-04 -1.315866247750818729e-03 -5.440234090201556683e-04 1.312230061739683151e-02 -9.604219347238540649e-03
2.804569339787121862e-05 5.843437393195927143e-04 -1.213560774922370911e-01 2.672041952610015869e-01 -1.507827788591384888e-01 -5.990622448734939098e-04 5.468490417115390301e-04 8.214144967496395111e-03 6.371870171278715134e-03 -9.651469881646335125e-04
1.030997373163700104e-04 4.492038860917091370e-04 -1.358395069837570190e-01 2.955516874790191650e-01 -1.581137329339981079e-01 5.543495717574842274e-05 1.730244024656713009e-03 6.764784455299377441e-03 1.499521196819841862e-03 3.256236901506781578e-03
1.431551499990746379e-04 9.417201508767902851e-04 -1.543451398611068726e-01 3.213979601860046387e-01 -1.702359169721603394e-01 8.491266053169965744e-04 9.604611550457775593e-04 -2.617872087284922600e-03 1.466731191612780094e-03 -2.563766611274331808e-04
-1.592813059687614441e-04 1.451787189580500126e-03 -1.687507629394531250e-01 3.394062817096710205e-01 -1.802453845739364624e-01 9.673390886746346951e-04 -1.230401336215436459e-03 -8.485662750899791718e-03 2.909176051616668701e-03 -5.207517649978399277e-03
-6.079526501707732677e-04 1.152388402260839939e-03 -1.730681806802749634e-01 3.488425016403198242e-01 -1.824238151311874390e-01 3.547973465174436569e-04 -2.938678488135337830e-03 -5.095509346574544907e-03 4.219047725200653076e-03 -6.566924508661031723e-03
-7.154277409426867962e-04 3.772002237383276224e-04 -1.677037328481674194e-01 3.503446877002716064e-01 -1.763482838869094849e-01 -3.182284126523882151e-04 -2.420871751382946968e-03 2.906400710344314575e-03 5.321583244949579239e-03 -4.396822769194841385e-03
-5.180135485716164112e-04 -3.154575824737548828e-04 -1.585988998413085938e-01 3.433418273925781250e-01 -1.654270887374877930e-01 -3.976474108640104532e-04 6.426125764846801758e-05 6.307091098278760910e-03 5.501624196767807007e-03 -2.103246049955487251e-03
-3.445356560405343771e-04 -1.724977046251296997e-04 -1.506168991327285767e-01 3.263605535030364990e-01 -1.524275094270706177e-01 5.900083579035708681e-06 2.012341516092419624e-03 2.292860997840762138e-03 4.309496376663446426e-03 -1.848394400440156460e-03
-5.097218672744929790e-04 5.097109824419021606e-04 -1.430932730436325073e-01 3.003112971782684326e-01 -1.376751512289047241e-01 2.496456727385520935e-04 1.171020208857953548e-03 -3.668815596029162407e-03 3.130115568637847900e-03 -2.905276836827397346e-03
-6.960830651223659515e-04 1.381629728712141514e-03 -1.309288591146469116e-01 2.681941986083984375e-01 -1.197243556380271912e-01 -4.530216756393201649e-05 -1.900635077618062496e-03 -4.766132216900587082e-03 3.672978607937693596e-03 -3.657330526039004326e-03
-6.287164869718253613e-04 1.757434569299221039e-03 -1.109261214733123779e-01 2.317515164613723755e-01 -9.746730327606201172e-02 -6.128035602159798145e-04 -4.340564366430044174e-03 -6.160642951726913452e-04 5.635231733322143555e-03 -3.263626946136355400e-03
-2.334541641175746918e-04 1.464809291064739227e-03 -8.534267544746398926e-02 1.901917606592178345e-01 -7.143345475196838379e-02 -9.553104755468666553e-04 -4.100878257304430008e-03 3.403943730518221855e-03 7.098609115928411484e-03 -2.439261414110660553e-03
1.474094315199181437e-04 4.781680181622505188e-04 -5.977040156722068787e-02 1.418709009885787964e-01 -4.355180263519287109e-02 -8.820456569083034992e-04 -1.775008277036249638e-03 2.969291061162948608e-03 6.753336638212203979e-03 -2.019066829234361649e-03
2.862066030502319336e-04 -8.901177789084613323e-04 -3.777448832988739014e-02 8.748421818017959595e-02 -1.595492474734783173e-02 -5.721730994991958141e-04 9.483061730861663818e-04 -1.467919559217989445e-03 4.868560936301946640e-03 -2.383617917075753212e-03
7.139673834899440408e-05 -1.565729617141187191e-03 -1.899578236043453217e-02 3.115870617330074310e-02 9.442612528800964355e-03 -1.897903421195223927e-04 2.274651080369949341e-03 -7.201949134469032288e-03 3.396806539967656136e-03 -4.055425059050321579e-03
-3.623147495090961456e-04 -6.983792409300804138e-04 -5.840439349412918091e-03 -1.208123564720153809e-02 2.461873553693294525e-02 2.098625263897702098e-04 1.274798065423965454e-03 -1.726808957755565643e-02 1.279236748814582825e-02 -1.377200987190008163e-02
-4.646490851882845163e-04 1.547227962873876095e-03 -3.469991264864802361e-03 -2.242203801870346069e-02 1.869407482445240021e-02 3.297468647360801697e-04 -2.342007122933864594e-03 -4.101212322711944580e-02 5.555391311645507812e-02 -4.504396021366119385e-02
-3.665474650915712118e-04 3.136870218440890312e-03 -6.369118113070726395e-03 -7.872650399804115295e-03 7.697070832364261150e-04 -3.241778586016152985e-06 -5.006334278732538223e-03 -7.089996337890625000e-02 1.216559037566184998e-01 -8.771944046020507812e-02
-1.927080302266404033e-04 2.393142553046345711e-03 -6.806387100368738174e-03 1.108338311314582825e-02 -1.319915428757667542e-02 -5.107107572257518768e-04 -4.000733140856027603e-03 -9.656111150979995728e-02 1.905705928802490234e-01 -1.257731765508651733e-01
-2.856023202184587717e-04 -2.190480008721351624e-04 3.025423211511224508e-04 1.255240757018327713e-02 -9.492459706962108612e-03 -6.652318988926708698e-04 2.763364464044570923e-04 -1.084403172135353088e-01 2.347416132688522339e-01 -1.419638246297836304e-01
-3.099129535257816315e-04 -2.360615646466612816e-03 5.745312198996543884e-03 6.315199192613363266e-03 -1.558388321427628398e-04 -3.179746272508054972e-04 3.457975806668400764e-03 -1.191082969307899475e-01 2.655143737792968750e-01 -1.494137644767761230e-01
-2.413939946563914418e-04 -2.301682485267519951e-03 4.460746888071298599e-03 2.151286927983164787e-03 3.829337656497955322e-03 2.063882275251671672e-04 2.647214336320757866e-03 -1.362799257040023804e-01 2.932346761226654053e-01 -1.591240316629409790e-01
-3.147117386106401682e-04 -2.959898265544325113e-04 -1.311171334236860275e-03 2.667686669155955315e-03 4.715110699180513620e-04 6.353476201184093952e-04 -7.005557417869567871e-04 -1.570528000593185425e-01 3.194760382175445557e-01 -1.725874692201614380e-01
-6.152272108010947704e-04 1.687610521912574768e-03 -5.518987774848937988e-03 3.770896000787615776e-03 -3.706372575834393501e-03 7.075041648931801319e-04 -3.386619733646512032e-03 -1.705140322446823120e-01 3.381041586399078369e-01 -1.814364343881607056e-01
-8.923079003579914570e-04 2.257033484056591988e-03 -4.978379700332880020e-03 4.228101577609777451e-03 -4.329967778176069260e-03 4.116439667996019125e-04 -3.010396612808108330e-03 -1.714913100004196167e-01 3.471524715423583984e-01 -1.810517758131027222e-01
-9.272258612327277660e-04 1.327836886048316956e-03 -1.289294101297855377e-03 5.019010975956916809e-03 -2.164894482120871544e-03 6.074520570109598339e-05 5.428430813481099904e-05 -1.643316298723220825e-01 3.475866019725799561e-01 -1.733086854219436646e-01
-8.054378558881580830e-04 -1.160986721515655518e-05 1.427624374628067017e-03 6.429191213101148605e-03 -6.245223921723663807e-04 9.969280654331669211e-05 3.252306953072547913e-03 -1.575029343366622925e-01 3.396757841110229492e-01 -1.628919243812561035e-01
-6.954789278097450733e-04 -3.863585588987916708e-04 8.566793985664844513e-04 7.043864578008651733e-03 -1.254654023796319962e-03 4.589125455822795630e-04 4.093196243047714233e-03 -1.534813791513442993e-01 3.227915465831756592e-01 -1.513205170631408691e-01
-7.330013322643935680e-04 5.115711246617138386e-04 -1.741703599691390991e-03 6.260640919208526611e-03 -2.864106325432658195e-03 6.015551625750958920e-04 2.144156722351908684e-03 -1.472498774528503418e-01 2.978407144546508789e-01 -1.367340832948684692e-01
-8.354455349035561085e-04 2.154140966013073921e-03 -3.243156010285019875e-03 5.231135059148073196e-03 -3.355397609993815422e-03 2.733289729803800583e-04 -6.692341412417590618e-04 -1.329354643821716309e-01 2.668434977531433105e-01 -1.175321564078330994e-01
-8.837617933750152588e-04 3.232433460652828217e-03 -2.248314674943685532e-03 5.264455452561378479e-03 -2.203172305598855019e-03 -2.596955746412277222e-04 -1.858765259385108948e-03 -1.106986626982688904e-01 2.305765151977539062e-01 -9.426752477884292603e-02
-8.208166691474616528e-04 3.058409085497260094e-03 -2.336289035156369209e-04 6.244170013815164566e-03 -6.187018007040023804e-04 -5.769170820713043213e-04 -9.098127484321594238e-04 -8.577460795640945435e-02 1.884161978960037231e-01 -6.900877505540847778e-02
-7.528583519160747528e-04 1.853976980783045292e-03 1.005915692076086998e-04 6.656183395534753799e-03 -8.341608190676197410e-05 -6.015800754539668560e-04 5.964227020740509033e-04 -6.271705776453018188e-02 1.402251571416854858e-01 -4.318293929100036621e-02
-8.337870240211486816e-04 4.421848279889672995e-04 -2.448120387271046638e-03 5.457690451294183731e-03 -8.380791987292468548e-04 -4.113522882107645273e-04 1.073020859621465206e-03 -4.173129796981811523e-02 8.722919970750808716e-02 -1.706838794052600861e-02
-1.246167230419814587e-03 1.106566469388781115e-05 -7.126161362975835800e-03 3.497953759506344795e-03 -2.599477767944335938e-03 1.533267459308262914e-05 6.873949314467608929e-04 -2.123214863240718842e-02 3.287826478481292725e-02 8.570768870413303375e-03
-1.713533303700387478e-03 8.596275001764297485e-04 -1.688156276941299438e-02 1.229296717792749405e-02 -1.235471293330192566e-02 6.472159293480217457e-04 4.911143332719802856e-04 -5.795089527964591980e-03 -9.104635566473007202e-03 2.546798624098300934e-02
-1.667908742092549801e-03 2.228752942755818367e-03 -4.033499583601951599e-02 5.520369112491607666e-02 -4.398066923022270203e-02 1.325933262705802917e-03 -1.875280140666291118e-04 -3.758770180866122246e-03 -1.992535218596458435e-02 2.149585075676441193e-02
-9.899126598611474037e-04 2.961642341688275337e-03 -7.056298851966857910e-02 1.212517693638801575e-01 -8.795060962438583374e-02 1.246364437974989414e-03 -1.234726980328559875e-03 -9.008502587676048279e-03 -6.255870684981346130e-03 3.870348213240504265e-03
-2.125411556335166097e-04 2.506801160052418709e-03 -9.770490974187850952e-02 1.903486251831054688e-01 -1.276942342519760132e-01 5.107939359731972218e-04 -2.194421365857124329e-03 -1.049736607819795609e-02 1.180405914783477783e-02 -1.147011388093233109e-02
3.624210876296274364e-05 1.506380736827850342e-03 -1.111119464039802551e-01 2.348690181970596313e-01 -1.444999128580093384e-01 -4.573563637677580118e-04 -1.312776119448244572e-03 -5.428654258139431477e-04 1.312272157520055771e-02 -9.604484774172306061e-03
2.791918814182281494e-05 5.837297067046165466e-04 -1.213539317250251770e-01 2.672048807144165039e-01 -1.507822126150131226e-01 -5.990143981762230396e-04 5.516900564543902874e-04 8.214424364268779755e-03 6.371865514665842056e-03 -9.653714369051158428e-04
1.030438579618930817e-04 4.460566269699484110e-04 -1.358345001935958862e-01 2.955533564090728760e-01 -1.581129282712936401e-01 5.537411198019981384e-05 1.732911914587020874e-03 6.764078512787818909e-03 1.499167294241487980e-03 3.256183816120028496e-03
1.431677228538319468e-04 9.390665218234062195e-04 -1.543425172567367554e-01 3.213988542556762695e-01 -1.702356785535812378e-01 8.490487816743552685e-04 9.593342547304928303e-04 -2.618261845782399178e-03 1.466608257032930851e-03 -2.561728470027446747e-04
-1.592116168467327952e-04 1.451721065677702427e-03 -1.687527149915695190e-01 3.394056856632232666e-01 -1.802458763122558594e-01 9.673593449406325817e-04 -1.233502640388906002e-03 -8.485096506774425507e-03 2.909484086558222771e-03 -5.207116249948740005e-03
-6.078463047742843628e-04 1.154585741460323334e-03 -1.730721443891525269e-01 3.488412201404571533e-01 -1.824244111776351929e-01 3.549290413502603769e-04 -2.940658479928970337e-03 -5.094870459288358688e-03 4.219365771859884262e-03 -6.566645111888647079e-03
-7.153296028263866901e-04 3.795198572333902121e-04 -1.677055358886718750e-01 3.503440618515014648e-01 -1.763483285903930664e-01 -3.180930798407644033e-04 -2.420271513983607292e-03 2.906047971919178963e-03 5.321521311998367310e-03 -4.396875388920307159e-03
-5.179925938136875629e-04 -3.150142729282379150e-04 -1.585972160100936890e-01 3.433423340320587158e-01 -1.654265075922012329e-01 -3.976058214902877808e-04 6.636045873165130615e-05 6.306060124188661575e-03 5.501277744770050049e-03 -2.103542676195502281e-03
-3.445964830461889505e-04 -1.741237938404083252e-04 -1.506138890981674194e-01 3.263615369796752930e-01 -1.524268686771392822e-01 5.849637091159820557e-06 2.013888908550143242e-03 2.292403951287269592e-03 4.309322685003280640e-03 -1.848600222729146481e-03
-5.097954417578876019e-04 5.076245288364589214e-04 -1.430919915437698364e-01 3.003117144107818604e-01 -1.376750171184539795e-01 2.495865337550640106e-04 1.171046285890042782e-03 -3.668120130896568298e-03 3.130316734313964844e-03 -2.905185567215085030e-03
-6.960795144550502300e-04 1.380978501401841640e-03 -1.309301704168319702e-01 2.681938111782073975e-01 -1.197247505187988281e-01 -4.531179365585558116e-05 -1.901614828966557980e-03 -4.765093792229890823e-03 3.673333674669265747e-03 -3.657072549685835838e-03
-6.286387215368449688e-04 1.758658327162265778e-03 -1.109282746911048889e-01 2.317508459091186523e-01 -9.746778011322021484e-02 -6.127663073129951954e-04 -4.341536201536655426e-03 -6.158718024380505085e-04 5.635345820337533951e-03 -3.263493301346898079e-03
-2.333818265469744802e-04 1.466634334065020084e-03 -8.534362912178039551e-02 1.901915520429611206e-01 -7.143360376358032227e-02 -9.552771225571632385e-04 -4.101370926946401596e-03 3.403139067813754082e-03 7.098393980413675308e-03 -2.439362928271293640e-03
1.474164164392277598e-04 4.788786172866821289e-04 -5.976964533329010010e-02 1.418712437152862549e-01 -4.355159401893615723e-02 -8.820492657832801342e-04 -1.775153912603855133e-03 2.968429354950785637e-03 6.753070745617151260e-03 -2.019283594563603401e-03
2.861701359506696463e-04 -8.910031174309551716e-04 -3.777314350008964539e-02 8.748468756675720215e-02 -1.595467887818813324e-02 -5.722233909182250500e-04 9.483241592533886433e-04 -1.467936323024332523e-03 4.868565592914819717e-03 -2.383755752816796303e-03
7.136321073630824685e-05 -1.567215309478342533e-03 -1.899513229727745056e-02 3.115886636078357697e-02 9.442663751542568207e-03 -1.898555346997454762e-04 2.274852944537997246e-03 -7.201209198683500290e-03 3.397072432562708855e-03 -4.055420402437448502e-03
-3.623291850090026855e-04 -6.990690599195659161e-04 -5.840785801410675049e-03 -1.208144798874855042e-02 2.461859770119190216e-02 2.098176628351211548e-04 1.275155111216008663e-03 -1.726745814085006714e-02 1.279259752482175827e-02 -1.377193909138441086e-02
